A=[1,1,1;10,10,10;100,100,100]
B=[1,2,3;4,5,6;7,8,9]
A*B